1751080383 1821072608 33265395
4137558434 4169230929 125736367
3296451041 3015767106 200702605
0 1326187179 494885429
3623687794 2963533004 52234102
3192345181 2859427144 104105860
1720274003 150099674 16362281
1535290150 1141203326 184983853
1736636284 166461955 14444099
2888685656 3812924581 152666193
3793268338 3216469711 344290096
494885429 0 80107449
2744325907 3668564832 144359749
2708433812 3965590774 35892095
3497153646 4042696781 126534148
4263294801 4011024286 31672495
1844603063 80107449 69992225
3041351849 2708433812 150993332
3675921896 3560759807 107805025
574992878 180906054 960297272
1784345778 1854338003 60257285
3783726921 4001482869 9541417