358497203 1012762605 163293355
3035263355 2859367155 247612329
1021885490 1293357218 103090913
4143961841 3795114494 151005455
3578373583 4227561425 8426352
2859178122 2177370950 6068675
0 1639932830 187421121
521790558 232394351 43765724
3838880131 4235987777 10124834
1294200510 23652296 201098270
2865246797 3380887726 170016558
2177370950 4100409404 127152021
3282875684 3954902589 51287689
1124976403 1891601121 169224107
3334163373 3550904284 244210210
565556282 224750566 7643785
3586799935 2183439625 194442871
573200067 0 23652296
3781242806 3946119949 8782640
2716371460 3238081064 142806662
2304522971 2377882496 116771158
3790025446 4246112611 48854685
1495298780 447236157 565526448
596852363 1585957916 53974914
840337062 1827353951 64247170
187421121 276160075 171076082
2622152334 4006190278 94219126
2491050754 3106979484 131101580
650827277 1396448131 189509785
2421294129 2789610530 69756625
3849004965 2494653654 294956876
904584232 1176055960 117301258