3642212803 1631134559 163560083
490926575 928751267 67070832
557997407 23457277 146367872
1526937660 2215630922 150973756
3370882556 1217101081 21950620
1998387949 1553503793 77630766
1700281630 3586410917 298106319
1677911416 1187175123 22370214
1361013180 1890531530 165924480
157249059 169825149 28413033
1236300152 2104867413 110763509
3048056947 3311996711 274414206
1347063661 1173225604 13949519
3322471153 2056456010 42709335
3400388920 3884517236 61733835
704365279 355487241 15789127
3462122755 1794694642 95836888
4043589752 1302126249 251377544
3601338302 4254092795 40874501
3557959643 4210714136 43378659
3805772886 3946251071 237816866
3365180488 2099165345 5702068
185662092 19444885 4012392
209119369 371276368 153333015
2806369338 4184067937 26646199
720154406 524609383 275667693
189674484 0 19444885
3392833176 1209545337 7555744
362452384 800277076 128474191
1173225604 1239051701 63074548
2833015537 2366604678 215041410
2076018715 2581646088 730350623
0 198238182 157249059