3460224655 4061418601 42469328
2583088941 2211297482 32584821
332145562 90342895 63482901
2528755615 1387266751 32998710
2197749180 696338617 193485827
2391235007 2169459779 41837703
395628463 1106056857 212736766
158816023 1996130240 173329539
608365229 553497263 142841354
2945065740 425270652 128226611
68473128 0 90342895
2615673762 153825796 271444856
2433072710 3107109424 95682905
3073292351 976556879 129499978
3969026580 3537847573 248317798
751206583 889824444 86732435
837939018 1420265461 575864779
1413803797 2243882303 783945383
4217344378 3460224655 77622918
3502693983 4103887929 191079367
0 1318793623 68473128
3693773350 3786165371 275253230
2887118618 3049162302 57947122
2561754325 3027827686 21334616