3535151283 3877657516 42746103
649917020 553881424 674909939
3807807238 1821616588 484912477
95679819 472295571 81585853
1324826959 286073377 186222194
4292719715 1819369007 2247581
177265672 1324471182 186577971
2102818048 3206912207 157155638
2259973686 2823586602 100381277
0 1228791363 95679819
3577897386 3851861395 25796121
363843643 0 286073377
2530300196 3364067845 487793550
3018093746 2306529065 90018685
3603693507 4090853565 204113731
2360354963 3920403619 169945233
1819369007 4090348852 504713
1819873720 2923967879 282944328
3108112431 2396547750 427038852